resized_positive/20220310_192215resized.jpg 9 710 510 82 38 714 664 78 34 718 608 74 34 718 708 76 40 712 554 80 38 716 760 80 40 722 804 72 38 716 864 86 34 720 914 80 40
resized_positive/20220310_192336resized.jpg 9 360 718 82 38 354 772 84 36 356 822 80 38 350 880 86 38 354 926 84 40 354 982 84 40 358 1026 82 36 360 1140 80 32 354 1086 84 38
resized_positive/20220310_192350resized.jpg 8 340 938 70 28 346 890 70 30 342 980 68 32 336 1030 70 30 340 1070 72 30 338 1118 72 30 346 1152 64 30 340 1200 70 34
resized_positive/20220310_192513resized.jpg 9 348 614 76 30 342 658 76 34 342 706 76 34 336 758 80 40 342 804 80 38 340 858 80 40 346 902 76 38 340 958 82 38 344 1012 76 36
resized_positive/20220310_192518resized.jpg 9 358 936 92 42 354 874 94 48 362 812 86 44 358 770 94 36 360 706 88 40 356 656 90 40 362 596 86 36 358 542 92 40 368 494 84 36
resized_positive/20220310_192522resized.jpg 9 386 390 86 40 376 436 94 42 380 488 86 42 374 550 88 38 374 604 94 38 374 664 92 36 380 708 90 42 370 766 98 50 374 828 94 44
resized_positive/20220310_192526resized.jpg 9 390 328 90 44 384 376 90 40 384 424 88 44 382 484 86 42 384 538 90 38 386 596 88 40 390 646 86 36 386 704 88 40 388 764 86 38
resized_positive/20220310_192530resized.jpg 9 444 274 88 40 440 320 86 38 438 370 88 40 438 430 84 40 440 482 90 42 436 544 94 38 444 592 90 36 438 650 94 44 444 710 88 40
resized_positive/20220310_192533resized.jpg 9 554 268 88 42 550 314 92 40 554 366 88 42 552 430 86 38 556 482 86 42 550 542 92 40 556 592 86 38 554 650 86 44 556 714 86 36
resized_positive/20220310_192537resized.jpg 9 662 286 88 40 662 330 88 40 666 380 82 42 660 442 84 42 660 498 92 36 662 554 86 40 666 602 82 40 660 664 88 36 662 720 86 42
resized_positive/20220310_192541resized.jpg 9 788 252 88 42 792 300 84 38 792 350 82 38 786 406 86 44 788 460 88 40 788 516 86 44 784 564 92 38 786 618 88 44 786 678 86 38
resized_positive/20220310_192544resized.jpg 9 866 266 88 38 866 308 88 40 870 352 80 44 866 410 82 44 866 462 86 42 862 520 84 40 866 566 80 38 862 620 84 44 862 676 82 44
resized_positive/20220310_192546resized.jpg 9 920 268 84 42 924 314 78 40 924 362 84 38 922 416 82 42 920 470 86 36 916 524 86 40 924 570 78 36 918 624 88 38 920 678 84 38
resized_positive/20220310_192549resized.jpg 9 986 258 90 36 994 300 88 36 998 348 82 36 996 404 82 36 996 454 80 34 994 506 80 42 994 554 78 34 992 608 84 40 994 662 78 38
resized_positive/20220310_192552resized.jpg 9 1028 364 90 36 1036 404 86 42 1040 456 82 40 1036 512 82 42 1032 564 88 38 1032 620 86 40 1032 664 82 36 1028 722 90 38 1032 778 82 36
resized_positive/20220310_192555resized.jpg 9 964 480 78 38 966 524 80 38 968 572 80 38 964 630 78 36 966 674 80 40 960 732 84 36 962 772 80 40 962 826 88 44 960 878 84 52
resized_positive/20220310_192558resized.jpg 9 954 542 84 42 958 586 86 44 960 638 82 38 958 692 84 42 962 736 78 46 956 790 86 42 960 836 78 42 956 892 86 46 956 944 88 42
resized_positive/20220310_192707resized.jpg 9 1038 606 84 40 1044 648 82 36 1046 690 86 42 1044 742 86 42 1044 786 80 46 1044 842 78 38 1044 880 74 42 1042 938 86 36 1040 986 80 38
resized_positive/20220310_192710resized.jpg 9 1068 722 92 34 1080 760 82 42 1082 810 78 36 1080 862 78 42 1080 910 78 38 1078 960 80 42 1078 998 72 42 1070 1054 88 42 1070 1104 84 42
resized_positive/20220310_192714resized.jpg 9 998 780 78 40 1004 826 78 40 1004 866 82 46 998 926 86 38 1002 972 82 34 996 1022 84 36 1002 1062 74 36 1000 1116 78 40 996 1168 80 36
resized_positive/20220310_192717resized.jpg 9 862 768 80 34 864 808 78 38 864 854 80 36 862 908 76 36 864 952 78 36 854 1000 90 42 862 1042 78 40 856 1094 88 44 860 1146 78 38
resized_positive/20220310_192720resized.jpg 9 740 798 84 38 744 840 76 42 744 884 76 40 740 938 76 38 738 984 84 36 738 1034 76 38 740 1074 72 40 740 1130 74 38 742 1178 72 36
resized_positive/20220310_192729resized.jpg 9 730 568 86 48 726 616 96 42 732 672 86 40 722 736 94 42 722 792 98 42 714 860 108 38 724 908 94 46 716 980 106 46 718 1046 102 48
resized_positive/20220310_192803resized.jpg 9 730 388 94 44 726 448 96 46 728 506 88 44 718 570 90 42 720 616 86 42 714 670 86 40 716 706 80 42 712 764 80 40 710 808 84 36
resized_positive/20220310_193004resized.jpg 1 656 810 126 58
resized_positive/20220310_193022resized.jpg 1 706 914 106 50
resized_positive/20220310_193209resized.jpg 1 700 1136 122 56
resized_positive/20220310_193215resized.jpg 1 546 1138 130 62
resized_positive/20220310_193219resized.jpg 1 430 1142 118 56
resized_positive/20220310_193223resized.jpg 1 492 1016 130 58
resized_positive/20220310_193226resized.jpg 1 468 936 128 54
resized_positive/20220310_193229resized.jpg 1 490 826 114 56
resized_positive/20220310_193233resized.jpg 1 246 884 122 56
resized_positive/20220310_193236resized.jpg 1 300 746 118 64
resized_positive/20220310_193239resized.jpg 1 270 622 132 56
resized_positive/20220310_193242resized.jpg 1 226 532 132 60
resized_positive/20220310_193246resized.jpg 1 348 392 140 62
resized_positive/20220310_193250resized.jpg 1 632 474 132 56
resized_positive/20220310_193301resized.jpg 1 748 352 122 60
resized_positive/20220310_193305resized.jpg 1 854 420 128 52
resized_positive/20220310_193316resized.jpg 1 906 422 110 52
resized_positive/20220310_193320resized.jpg 1 984 566 104 52
resized_positive/20220310_193325resized.jpg 1 1074 620 100 48
resized_positive/20220310_193329resized.jpg 1 1102 772 102 64
resized_positive/20220310_193344resized.jpg 1 918 1018 108 52
resized_positive/20220310_193353resized.jpg 1 726 784 146 64
resized_positive/20220310_193400resized.jpg 1 750 612 132 66
resized_positive/20220310_193524resized.jpg 1 714 752 98 48
resized_positive/20220310_193544resized.jpg 1 694 744 102 48
resized_positive/20220310_193549resized.jpg 1 500 800 108 58
resized_positive/20220310_193552resized.jpg 1 526 1018 104 54
resized_positive/20220310_193556resized.jpg 1 804 1078 106 50
resized_positive/20220310_193559resized.jpg 1 930 1062 106 52
resized_positive/20220310_193605resized.jpg 1 894 476 104 58
resized_positive/20220310_193608resized.jpg 1 504 472 110 56
resized_positive/20220310_193026resized.jpg 1 732 1036 112 58
